,count,mean,std,min,25%,50%,75%,max,sum
2011,5292.0,542185.2615304897,1658999.4631686544,0.0,42663.65419375,82913.25,244710.5025,22073646.078,2869244404.019355
2012,5292.0,525379.3528962113,1547693.713451069,0.0,42640.236000000004,81437.77,256998.4475,21815561.526,2780307535.5267572
2013,5292.0,527694.0025094533,1586747.273439677,0.0,41011.311499999996,79066.033,237722.454,22293328.118,2792556661.2800226
2014,5292.0,530013.1825155249,1578583.662640952,0.0,40729.115,79636.43,239149.26150000002,20482459.504,2804829761.872161
2015,5292.0,507439.1828665908,1451785.2327696823,-1196.25,40476.0135,79817.60800000001,246006.2885,19247050.048,2685368155.7300043
2016,5292.0,490675.5853423914,1408731.9179628901,0.0,39404.5485,78308.07800000001,239669.742,19733139.38,2596655197.6319385
2017,5292.0,476074.97944074695,1402010.2808993794,0.0,38282.046,76286.003,222600.5615,20798166.184,2519388791.2004304
2018,5292.0,488204.4992340004,1402196.849204301,0.0,39675.3,80118.275,248567.2795,18429639.226,2583578209.9463267
2019,5292.0,460070.49424415914,1289690.0815248627,0.0,39147.9535,77823.631,242189.9615,19169743.38,2434693055.5400906
2020,5292.0,419480.1132967365,1157766.9599826674,0.0,35523.691,72030.60800000001,224808.4375,17232897.61,2219888759.5663285
